0,718
0,717
0,322
0,716
0,715
0,714
0,713
0,712
0,711
0,710
0,709
102,3
102,2
102,1
102,0
0,708
0,707
101,3
101,2
101,1
101,0
100,3
100,2
100,1
100,0
0,706
99,3
99,2
99,1
99,0
98,3
98,2
98,1
98,0
97,3
97,2
97,1
97,0
0,705
0,704
0,347
90,35
0,703
0,702
0,701
0,700
0,699
0,698
0,697
0,696
0,695
0,694
0,693
0,692
0,691
0,690
0,689
0,688
0,687
0,686
0,685
0,664
96,3
96,2
96,1
96,0
95,3
95,2
95,1
95,0
94,3
94,2
0,683
94,1
94,0
93,3
93,2
93,1
93,0
92,3
92,2
92,1
92,0
91,3
91,2
91,1
91,0
0,278
0,9
3,1
3,3
10,289
10,142
10,69
10,227
10,281
10,263
10,93
9,6
9,4
8,9
8,10
8,17
8,18
8,7
8,11
89,3
89,2
89,1
89,0
88,3
88,2
88,1
88,0
87,3
87,2
87,1
87,0
86,3
86,2
86,1
86,0
